350
23
128
493
415
715
152
285
709
566
283
664
15
607
915
395
826
793
346
406
254
289
143
945
699
297
268
347
984
865
913
1003
907
736
1005
797
677
669
556
166
366
988
29
856
639
373
924
53
542
895
882
663
897
429
181
476
47
99
331
816
217
861
274
575
799
398
603
262
180
158
400
480
886
671
358
353
380
344
792
424
364
896
516
994
779
588
836
230
339
140
589
714
863
868
693
335
13
957
1006
605
225
737
860
456
488
578
363
694
528
96
223
30
776
77
191
904
559
641
189
645
133
749
702
933
943
902
648
572
343
70
263
430
264
888
837
1004
147
805
747
446
178
637
563
275
798
996
610
625
212
173
307
392
893
273
520
629
683
681
8
948
809
613
190
4
463
930
704
1
631
21
686
93
405
117
73
396
156
972
473
220
401
87
372
423
303
1020
259
360
756
66
290
905
959
695
282
211
207
426
310
814
754
501
510
45
710
557
231
351
470
36
314
208
51
830
871
773
394
370
1017
511
675
454
760
210
272
261
62
20
555
228
806
109
541
635
956
359
431
899
499
1001
626
129
161
1010
309
450
326
418
701
60
95
802
408
414
517
976
889
299
485
691
803
19
292
785
597
492
386
3
752
903
670
608
581
876
969
48
460
611
118
10
587
491
375
1002
539
1014
697
198
533
970
741
288
412
845
995
690
388
410
330
1015
593
848
591
530
302
979
325
571
92
634
513
820
508
787
952
782
570
119
666
534
467
276
973
122
795
475
192
17
329
116
57
115
662
215
97
451
953
334
884
660
177
112
399
265
222
241
831
337
224
59
49
50
202
352
649
546
783
187
236
390
80
266
949
249
892
227
790
526
708
250
311
636
573
155
707
356
676
489
464
612
600
378
22
174
657
590
879
981
632
322
44
576
383
160
523
90
975
494
718
713
807
483
937
0
939
199
1022
586
771
768
25
306
843
413
991
758
818
419
592
1023
498
94
951
319
32
983
619
817
1007
688
987
296
136
84
942
978
440
500
562
447
7
624
580
519
229
617
667
417
479
85
602
438
922
838
850
955
642
253
67
332
12
477
300
934
673
552
811
385
257
458
582
909
16
532
974
764
43
14
724
740
242
31
867
842
107
968
847
465
135
65
205
361
674
874
381
997
696
54
652
531
68
144
204
5
808
822
627
403
270
829
661
393
185
233
864
26
404
478
524
885
577
599
34
1016
219
971
71
130
503
703
858
900
321
746
655
986
622
313
791
246
368
442
221
654
684
1021
872
665
743
243
497
536
833
435
280
120
544
840
389
121
74
18
717
846
748
428
188
267
547
462
78
810
111
601
374
453
967
169
638
76
849
917
278
550
150
490
238
784
134
354
914
91
154
487
594
159
545
141
301
496
992
551
371
633
640
750
407
197
678
869
416
753
832
86
443
271
52
482
525
901
1011
827
237
260
110
535
734
474
1012
40
316
421
324
239
912
69
643
505
38
989
553
162
506
726
543
504
201
9
509
774
963
37
616
732
851
471
766
518
621
609
706
620
342
819
821
182
148
312
348
83
932
910
42
362
101
35
781
950
870
157
762
561
761
985
835
41
269
770
384
102
880
789
646
105
873
962
89
653
548
604
131
711
567
240
179
615
881
336
687
277
126
377
659
209
125
812
6
800
980
340
823
341
172
568
24
574
139
82
281
46
841
961
411
433
434
723
481
251
906
345
514
751
763
852
165
595
512
982
623
184
728
679
958
420
579
298
908
486
729
108
529
938
437
379
98
255
469
1013
258
828
960
195
815
468
235
727
304
775
328
854
931
137
651
279
153
898
132
457
459
114
744
813
862
920
448
719
767
72
769
284
444
923
554
226
369
560
891
461
33
890
777
644
323
680
596
735
522
1000
295
765
990
287
720
176
64
598
549
183
452
232
698
855
145
103
1019
656
402
425
455
170
441
925
186
294
944
422
175
887
954
382
88
151
716
583
106
124
738
757
320
484
537
911
584
941
216
206
926
614
745
142
75
507
839
56
731
964
138
730
875
538
866
291
234
39
712
333
628
692
585
618
794
759
376
919
825
993
796
27
252
650
397
564
113
672
606
658
63
409
772
682
123
739
527
466
194
2
244
755
293
1009
81
824
28
256
780
742
318
167
700
355
927
786
317
721
193
844
391
916
1018
357
495
338
936
11
200
213
367
928
565
365
387
149
894
1008
163
327
171
55
247
286
929
977
940
998
521
883
778
685
918
315
100
804
502
857
630
436
349
946
999
965
58
104
164
877
921
168
61
668
218
146
569
127
705
305
801
935
788
853
515
449
245
427
196
878
733
834
439
308
947
859
445
472
432
540
79
214
966
558
725
689
248
647
722
203
