705
148
341
943
296
1014
2
100
257
336
119
774
114
573
59
255
386
77
634
215
974
437
950
527
253
952
955
868
1001
241
481
485
256
404
176
286
226
272
894
172
359
683
1019
291
474
601
610
189
586
978
593
854
179
281
310
537
680
921
87
385
421
849
960
307
275
530
554
782
323
685
270
686
740
397
742
548
630
403
751
449
883
242
977
874
1012
701
717
826
1015
544
514
628
363
606
506
918
42
636
115
561
461
347
460
11
661
147
936
343
287
454
271
352
547
149
599
322
780
679
39
847
53
4
708
211
595
733
793
535
476
878
755
389
244
248
266
477
410
350
414
348
695
9
443
520
899
887
55
283
48
534
150
169
183
164
249
0
320
786
931
783
750
105
840
502
787
321
103
98
419
810
276
903
308
1000
117
775
333
963
374
862
402
67
658
369
924
1005
638
682
651
1008
489
723
388
626
141
509
772
1006
768
788
583
427
961
400
466
311
338
393
57
413
757
254
817
209
673
886
431
495
237
292
766
624
484
925
379
61
916
769
451
565
795
928
371
744
937
111
557
252
483
72
436
297
715
917
676
411
608
456
988
261
501
539
173
423
791
640
850
63
124
60
448
185
865
650
62
664
35
985
22
90
675
579
73
144
976
192
851
334
206
298
805
500
136
656
128
857
633
212
776
855
927
199
360
635
758
265
504
762
140
405
240
930
376
12
475
182
609
129
932
1016
846
83
499
876
773
154
137
81
880
911
361
536
216
895
989
822
629
798
973
14
525
697
853
10
920
668
569
669
967
875
663
250
778
576
598
553
497
995
949
163
1
357
719
540
5
160
524
906
101
690
353
306
698
735
696
1020
827
18
331
604
588
178
802
942
996
660
732
471
571
590
6
13
980
856
523
915
69
821
1010
433
893
831
843
563
494
78
380
833
262
23
659
27
994
739
107
858
247
29
607
889
616
232
236
186
806
479
366
167
430
714
135
622
965
759
37
513
959
589
161
771
746
472
558
304
134
754
970
64
145
1017
678
552
372
741
370
863
551
438
642
958
152
38
767
171
41
428
33
65
487
82
625
418
691
720
867
935
157
205
777
667
881
354
139
208
947
151
760
835
434
1009
93
300
68
812
345
890
416
168
122
644
362
639
225
617
228
407
52
713
518
289
224
999
841
156
510
677
356
722
74
533
439
364
688
408
290
611
605
235
912
728
596
118
712
689
693
575
19
273
550
126
453
749
116
832
860
948
869
945
503
839
425
193
200
790
813
603
89
441
522
417
325
112
202
220
238
318
480
108
704
190
721
559
329
445
394
197
578
801
25
76
464
1003
852
785
409
545
463
432
210
177
251
358
872
718
888
702
891
299
382
188
227
143
804
814
904
113
944
939
926
845
956
415
986
824
344
56
175
519
954
309
294
184
770
542
632
1007
97
95
546
54
623
914
317
526
204
909
28
908
612
652
752
79
51
316
21
258
938
125
765
468
1021
830
412
99
49
174
315
130
218
953
674
743
109
221
997
541
40
278
15
355
80
990
584
219
532
429
731
836
142
941
859
613
398
946
549
229
517
34
516
662
396
645
196
32
1013
738
646
737
45
452
670
268
158
446
260
512
594
975
848
50
180
779
730
217
222
897
900
811
187
747
191
726
110
339
556
709
555
121
884
748
592
861
627
982
319
233
46
239
457
17
332
47
871
591
342
870
231
567
406
303
84
653
706
424
898
104
734
566
828
789
390
671
1011
792
201
381
907
279
86
312
597
395
672
574
543
66
807
984
165
707
375
1004
844
459
75
618
581
649
619
585
492
521
923
284
102
426
666
277
511
882
486
450
951
834
1022
435
818
582
458
692
922
711
761
106
998
564
993
26
716
31
269
910
282
16
94
146
327
131
243
377
301
781
367
302
643
491
727
648
245
234
600
799
1018
905
877
120
326
699
655
422
214
328
462
815
825
753
365
442
736
614
969
703
392
166
230
43
391
725
971
587
808
896
7
207
820
964
96
387
957
368
838
641
568
879
20
602
447
420
349
981
440
133
987
866
36
337
132
470
295
223
70
913
577
490
91
378
700
159
507
305
560
570
198
538
966
819
809
794
455
972
465
203
729
330
488
71
657
478
498
796
983
763
1023
756
285
902
263
968
274
710
246
724
620
267
85
30
803
631
687
401
324
314
384
170
280
24
962
837
181
528
213
288
373
979
127
940
340
155
901
195
3
493
383
293
816
508
933
8
864
92
467
621
991
647
684
823
153
580
681
469
44
88
873
496
335
313
694
562
615
929
665
58
842
351
515
764
992
637
1002
919
346
138
745
194
829
399
934
784
892
654
482
505
162
531
572
259
444
529
797
264
123
885
800
473