529
979
940
756
871
799
458
175
234
468
984
217
545
364
231
165
905
897
964
210
707
549
274
761
120
184
3
710
816
933
508
92
797
694
587
7
591
779
342
125
870
519
859
730
613
790
1021
1018
820
813
954
432
309
300
946
229
412
567
1004
177
387
159
747
919
885
808
490
258
692
941
193
533
438
765
1009
357
212
856
463
642
222
830
540
958
68
821
812
199
89
611
325
174
711
877
326
8
929
913
968
66
785
56
760
863
1
409
434
439
640
723
398
688
93
536
61
927
216
719
895
152
167
38
603
290
417
303
49
516
800
378
600
824
142
344
722
425
551
370
806
857
911
479
776
850
750
855
124
160
5
69
360
1010
714
135
345
408
890
187
96
898
295
971
848
836
6
835
200
128
236
980
163
484
791
783
523
42
388
915
916
451
105
906
769
60
251
430
171
605
900
998
493
267
491
807
91
839
232
947
74
852
741
151
423
651
489
925
366
476
361
63
705
530
448
256
524
822
433
767
622
41
294
375
130
706
313
195
938
50
13
503
356
995
186
624
539
918
253
207
535
379
685
782
894
943
244
565
798
626
275
989
416
112
522
912
507
424
43
180
543
1003
677
986
208
931
137
595
1001
955
680
1015
922
700
100
461
2
686
410
389
115
185
509
770
965
632
406
517
106
993
562
648
901
945
464
880
590
154
499
733
633
988
952
437
215
255
119
359
1019
1014
323
265
37
561
831
141
690
635
811
844
293
383
615
17
975
869
510
497
81
732
1008
868
169
847
717
281
322
573
9
683
742
11
788
286
98
636
759
840
428
441
872
542
34
699
155
263
896
372
731
616
506
307
766
298
87
826
534
179
634
547
601
287
348
397
257
296
226
148
176
878
596
893
122
315
191
422
127
672
332
21
76
415
25
598
628
495
4
150
209
780
77
242
454
474
630
466
147
477
664
62
973
843
101
235
358
97
515
198
264
582
316
354
552
571
136
29
660
237
682
39
48
974
593
413
751
114
774
903
336
350
272
248
787
758
353
168
644
95
953
716
302
139
845
948
156
553
320
606
485
431
708
921
1012
283
55
149
12
117
343
276
661
427
306
341
321
772
33
65
118
726
564
724
1023
429
956
841
860
471
960
638
608
164
544
411
862
254
963
333
59
610
548
557
936
810
937
650
768
1006
865
513
718
1007
560
618
391
574
51
1017
678
656
500
793
886
53
924
701
874
609
374
73
189
252
403
695
308
985
347
762
362
504
755
959
220
246
305
568
763
79
665
949
889
607
261
849
805
241
369
67
757
978
977
57
271
443
338
1000
291
240
853
103
928
698
238
202
957
110
459
31
818
457
245
532
145
773
996
876
1005
663
851
679
334
917
854
386
449
483
311
90
740
35
405
583
14
689
487
318
888
842
645
351
983
435
801
58
173
247
481
778
942
537
249
129
715
144
586
297
436
827
376
930
172
418
744
625
404
629
728
662
84
653
570
637
834
1022
578
47
999
881
858
0
363
739
514
192
976
676
883
475
887
72
920
1020
111
22
697
696
494
563
82
891
75
368
214
30
373
450
902
219
594
64
421
211
292
183
456
875
673
599
27
352
393
675
18
414
460
270
371
735
795
99
546
702
396
218
26
346
597
239
340
727
926
576
501
83
206
1016
932
310
967
402
604
569
520
775
400
961
771
10
419
554
502
589
712
639
674
556
838
879
725
86
285
395
197
667
786
777
846
107
250
178
817
950
899
669
579
23
262
720
833
617
266
78
225
480
299
54
581
339
85
566
223
652
312
939
577
512
970
116
802
385
205
658
994
588
304
331
659
550
668
746
273
380
140
161
693
620
655
764
992
734
641
619
486
123
230
224
473
752
832
289
754
518
233
527
134
935
182
558
472
704
794
228
575
188
691
109
525
196
382
803
32
269
1002
864
444
319
796
643
46
951
70
446
260
445
157
559
713
126
453
867
52
190
407
687
19
227
709
108
623
104
538
649
328
585
602
819
288
470
367
335
584
944
113
612
749
394
329
904
28
15
814
143
721
526
282
997
521
317
789
910
738
743
555
462
631
20
966
809
498
259
873
132
279
990
80
158
781
882
908
181
268
572
909
452
671
40
1011
804
420
121
753
914
492
221
828
1013
467
138
825
401
496
337
511
213
657
907
982
355
36
166
478
670
627
969
243
861
278
204
737
45
748
390
646
884
365
16
829
324
815
447
455
194
531
392
528
44
277
88
381
377
703
201
301
71
426
837
666
592
792
284
823
102
442
541
465
972
384
94
923
314
647
991
745
621
654
580
24
469
488
962
866
482
162
987
505
681
330
131
614
133
736
440
729
784
327
146
153
203
981
170
280
349
684
892
934
399
