945
816
217
331
693
335
913
8
575
1003
308
167
127
584
647
164
484
350
70
794
128
957
799
149
448
171
921
999
256
445
104
79
347
984
47
268
863
99
143
254
289
699
203
124
218
738
722
742
61
928
247
736
23
920
439
966
248
759
387
959
862
293
2
320
943
865
681
868
861
572
394
406
882
395
941
327
286
224
1009
993
603
605
426
733
11
13
907
146
598
668
39
712
376
1008
716
583
140
648
181
339
274
589
559
173
876
933
805
359
600
707
694
754
285
715
343
737
398
809
739
947
692
946
367
365
333
81
824
859
683
476
948
714
297
902
996
904
60
571
241
704
464
261
363
4
310
292
860
954
1006
538
436
755
537
757
151
540
720
689
919
877
307
779
401
424
1020
629
871
886
578
480
303
760
456
831
695
463
546
800
199
690
263
225
278
176
64
163
238
55
58
911
549
618
520
701
793
895
756
346
702
10
370
671
95
396
691
501
528
485
90
713
657
349
122
942
412
234
630
649
495
894
628
28
825
558
994
77
516
749
645
373
400
223
470
358
96
109
264
541
115
158
708
732
973
249
435
741
200
1000
457
291
533
964
244
780
168
232
450
212
663
273
1017
826
259
230
337
210
510
939
979
593
205
296
198
361
874
1005
613
930
91
970
525
590
931
213
725
585
472
965
423
952
641
675
30
488
1001
283
511
837
117
375
888
814
483
71
332
670
975
272
1021
592
132
543
728
879
201
854
106
194
569
452
133
372
787
275
905
573
92
302
631
386
1004
806
987
591
80
388
530
997
19
430
680
479
765
982
726
789
35
781
409
565
287
183
893
66
676
161
499
405
48
976
830
112
508
418
446
555
215
949
632
500
6
803
207
967
86
869
382
857
443
377
968
214
318
432
836
897
896
309
1010
884
156
414
608
752
782
118
635
953
57
669
266
334
662
202
506
162
783
553
696
673
527
898
185
980
719
698
208
189
392
360
53
563
988
956
59
356
311
45
858
718
383
1015
494
1023
154
887
466
762
665
498
338
735
101
522
175
684
336
855
588
610
429
542
21
51
848
773
697
637
228
97
556
652
748
734
227
579
159
574
688
237
842
467
730
123
26
138
63
277
832
193
625
473
517
856
634
326
1
581
587
353
790
136
282
187
602
833
190
354
76
236
362
678
599
774
638
866
31
950
328
169
242
878
222
177
290
364
802
710
747
1014
611
250
492
137
872
1022
352
68
32
17
121
834
150
914
233
867
18
471
186
536
658
33
960
179
776
399
87
566
570
93
820
454
451
785
562
107
597
20
616
512
983
475
827
981
67
295
85
260
9
772
477
416
235
142
170
751
513
36
29
636
155
191
626
178
792
50
330
211
192
596
594
544
438
845
65
870
389
577
509
37
502
490
323
804
852
195
777
315
915
972
709
539
639
351
903
329
174
458
440
651
990
280
1016
390
253
478
840
110
674
595
901
835
985
88
700
441
425
357
891
196
460
129
15
366
408
557
380
299
160
642
152
677
276
576
44
319
300
746
568
992
24
812
157
82
936
487
126
786
927
461
560
252
325
344
798
265
534
49
62
84
34
807
531
459
262
413
586
917
518
172
621
609
422
623
743
497
659
963
615
402
206
226
27
727
220
924
166
1007
995
666
73
969
811
447
797
503
120
465
243
864
41
550
324
105
298
341
938
524
258
731
305
165
391
844
369
606
314
664
431
955
419
52
768
279
12
231
850
619
385
808
209
1011
880
135
316
784
153
849
219
184
761
890
554
251
75
828
564
1018
686
899
771
607
116
934
415
937
951
130
144
54
706
1012
474
986
851
420
428
545
148
437
766
753
846
687
650
444
427
918
455
682
491
900
526
847
535
180
257
493
321
922
421
646
504
78
679
770
620
16
823
810
961
69
342
653
514
304
56
721
916
145
883
656
660
892
3
119
404
114
838
94
817
125
561
889
744
991
580
393
141
912
661
958
640
529
22
813
729
775
998
103
796
788
926
839
489
410
818
147
381
25
703
909
378
519
482
270
417
368
14
403
717
7
239
379
604
841
108
294
139
875
925
906
929
853
672
100
523
42
552
843
0
271
908
134
306
740
627
267
102
601
40
791
932
371
312
462
819
873
46
496
655
881
515
763
113
977
685
245
547
978
288
971
322
269
442
617
221
188
407
111
486
764
548
246
829
989
38
767
411
821
301
962
644
216
397
935
1019
778
355
449
1002
612
74
582
622
43
313
667
453
5
724
643
229
505
131
197
822
567
240
1013
72
711
281
89
340
923
944
745
468
801
940
815
795
885
750
374
384
182
758
624
255
974
769
654
633
532
910
434
284
83
723
551
433
469
98
348
204
481
614
705
521
317
345
507